Scenegraph
eye:
5.000000 5.000000 5.000000
center:
0.000000 0.000000 0.000000
up:
0.000000 1.000000 0.000000
fovy:
30
aspect:
1.33333
near:
1
far:
100
light:
6.000000 5.000000 10.000000
Node
scale:
0.500000 0.000000 0.000000 0.000000
0.000000 0.500000 0.000000 0.000000
0.000000 0.000000 0.500000 0.000000
0.000000 0.000000 0.000000 1.000000
rotate:
1.000000 0.000000 0.000000 0.000000
0.000000 1.000000 0.000000 0.000000
0.000000 0.000000 1.000000 0.000000
0.000000 0.000000 0.000000 1.000000
translate:
1.000000 0.000000 0.000000 0.000000
0.000000 1.000000 0.000000 0.000000
0.000000 0.000000 1.000000 0.000000
0.000000 0.000000 0.000000 1.000000
color:
1.000000 1.000000 1.000000
meshID:
cube
shaderID:
base
Node
scale:
0.200000 0.000000 0.000000 0.000000
0.000000 0.200000 0.000000 0.000000
0.000000 0.000000 0.200000 0.000000
0.000000 0.000000 0.000000 1.000000
rotate:
0.804738 0.505879 -0.310617 0.000000
-0.310617 0.804738 0.505879 0.000000
0.505879 -0.310617 0.804738 0.000000
0.000000 0.000000 0.000000 1.000000
translate:
1.000000 0.000000 0.000000 0.000000
0.000000 1.000000 0.000000 0.000000
0.000000 0.000000 1.000000 0.000000
0.000000 1.000000 0.000000 1.000000
color:
1.000000 0.000000 0.000000
meshID:
cube
shaderID:
base
